25 21 7 150
1 14 13
2 4 20
3 17 22
1 24 15
2 12 12
3 15 16
1 8 22
2 10 9
3 4 3
1 15 2
2 14 3
3 19 17
1 19 0
2 22 16
3 8 1
1 12 3
2 20 18
3 13 10
1 12 21
2 19 23
3 15 18
0
1
2 0 1 5 13
1
2 1 3 9 10
2
2 2 2 24 20
1 3
0
0
2
2 3 1 23 21
1 13
2
2 4 1 23 23
2 5 3 14 0
1
1 1
0
2
2 6 3 20 2
2 7 1 23 19
1
1 16
1
2 8 2 17 16
0
1
2 9 1 1 23
1
2 10 3 1 13
0
0
1
2 11 1 22 24
0
1
2 12 3 2 23
1
1 12
2
2 13 1 18 5
2 14 2 17 9
1
2 15 2 4 13
1
2 16 3 12 22
0
0
0
0
0
2
2 17 3 4 10
2 18 1 0 21
2
2 19 2 10 3
2 20 1 4 11
2
2 21 3 10 22
2 22 2 15 19
0
0
2
2 23 1 12 6
2 24 1 9 21
1
2 25 1 4 8
2
1 15
2 26 3 3 2
0
0
1
2 27 2 15 15
0
1
2 28 3 17 20
0
2
2 29 2 12 0
2 30 2 7 20
1
2 31 2 6 16
0
1
2 32 2 11 2
0
0
2
2 33 1 21 18
2 34 2 5 6
0
0
2
2 35 3 2 18
2 36 1 15 3
0
0
0
1
2 37 3 22 0
2
1 17
2 38 1 24 14
2
2 39 3 7 24
1 14
1
2 40 3 10 23
0
0
0
1
1 9
1
2 41 3 8 20
1
2 42 2 12 15
2
2 43 3 10 14
1 2
2
2 44 3 12 0
2 45 1 11 19
1
2 46 1 15 18
0
0
1
1 20
1
2 47 1 3 22
1
2 48 1 2 11
0
0
0
2
2 49 3 17 18
2 50 2 16 7
1
2 51 1 15 14
1
2 52 3 16 19
0
0
1
2 53 1 23 6
0
1
2 54 1 19 23
2
2 55 2 10 6
2 56 2 13 8
2
2 57 2 7 3
2 58 3 0 10
1
2 59 1 8 5
0
2
2 60 1 2 1
1 11
1
1 0
2
2 61 1 8 1
2 62 3 3 8
1
2 63 2 24 3
1
2 64 2 7 13
1
1 4
0
0
1
2 65 3 15 21
0
1
2 66 2 24 15
0
0
1
2 67 3 3 11
0
2
2 68 3 4 6
2 69 2 3 8
0
0
1
1 8
2
2 70 3 7 12
2 71 1 8 23
0
0
1
2 72 1 5 21
1
2 73 3 19 6
0
1
2 74 3 21 11
1
2 75 1 11 11
0
1
1 6
1
2 76 3 23 22
1
1 7
1
2 77 3 11 16
0
0
2
2 78 2 23 15
2 79 3 14 22
0
2
2 80 2 11 0
2 81 3 8 3
1
2 82 2 9 11
0
0
2
2 83 1 19 14
1 18
1
2 84 3 8 19
0
0
2
2 85 2 7 22
2 86 2 12 22
0
0
0
2
2 87 2 3 4
2 88 1 19 4
1
2 89 3 19 1
2
1 10
1 19
1
2 90 3 19 21
1
2 91 2 3 14
1
2 92 1 17 17
2
2 93 1 7 16
2 94 1 2 23
1
1 5
0
0
0
0
